Date	P	T	Q	Q_predicted_CatBoost	nse_score_Catboost
2060-01-01	5.51	3.78	5.12	5.035442574545237	0.8515044539707257
2060-01-02	1.71	0.33	3.61	3.6212153022271183	0.8515044539707257
2060-01-03	0.57	-0.12	2.43	2.4348284001220906	0.8515044539707257
2060-01-04	0.02	-2.79	1.88	1.7829592696783567	0.8515044539707257
2060-01-05	0.0	-5.66	1.51	1.4733098804393063	0.8515044539707257
2060-01-06	0.0	-6.36	1.26	1.3235343527591756	0.8515044539707257
2060-01-07	0.34	-2.03	1.03	1.091768859952946	0.8515044539707257
2060-01-08	0.09	-0.7	0.94	1.1522381367181556	0.8515044539707257
2060-01-09	3.51	0.65	0.9	0.942391662592172	0.8515044539707257
2060-01-10	18.31	4.7	1.5	1.635370608441822	0.8515044539707257
2060-01-11	3.44	3.49	7.02	8.653656370823498	0.8515044539707257
2060-01-12	3.43	1.45	3.37	3.903781329728892	0.8515044539707257
2060-01-13	0.4	-1.39	2.14	3.1158903078849787	0.8515044539707257
2060-01-14	0.0	-4.14	1.7	1.6076990396830155	0.8515044539707257
2060-01-15	0.0	-1.9	1.44	1.3864045826568938	0.8515044539707257
2060-01-16	0.03	-2.05	1.25	1.1619429661534524	0.8515044539707257
2060-01-17	0.02	-2.35	1.1	1.0553517982453642	0.8515044539707257
2060-01-18	1.77	-0.29	1.01	0.9614508205893559	0.8515044539707257
2060-01-19	0.09	4.15	1.24	0.9866343353667956	0.8515044539707257
2060-01-20	1.47	3.49	1.29	0.8506731134335119	0.8515044539707257
2060-01-21	7.22	4.76	1.3	0.9143492467667608	0.8515044539707257
2060-01-22	4.04	7.97	3.62	1.9229539891169876	0.8515044539707257
2060-01-23	21.95	9.52	6.99	4.830015477658143	0.8515044539707257
2060-01-24	9.01	5.55	7.72	8.267972845719825	0.8515044539707257
2060-01-25	11.1	9.39	9.6	5.681714902887289	0.8515044539707257
2060-01-26	7.82	11.24	6.39	6.4721021056748755	0.8515044539707257
2060-01-27	2.89	3.01	5.07	4.2476702980074785	0.8515044539707257
2060-01-28	2.15	8.09	3.81	2.6074057093467964	0.8515044539707257
2060-01-29	4.17	9.17	2.98	1.8932324369486238	0.8515044539707257
2060-01-30	6.63	7.5	2.91	1.9641603727089598	0.8515044539707257
2060-01-31	0.0	2.0	3.46	2.4300468881519643	0.8515044539707257
2060-02-01	0.0	4.65	2.49	1.614853140298506	0.8515044539707257
2060-02-02	1.49	5.83	1.95	1.5725835730863353	0.8515044539707257
2060-02-03	0.0	5.8	1.64	1.3390546505260095	0.8515044539707257
2060-02-04	0.76	6.52	1.45	1.1039155196123518	0.8515044539707257
2060-02-05	0.0	7.86	1.3	1.0938426045350462	0.8515044539707257
2060-02-06	0.02	8.34	1.19	0.9110894176881429	0.8515044539707257
2060-02-07	0.97	9.57	1.1	0.8287074384109303	0.8515044539707257
2060-02-08	4.84	10.65	1.04	0.8311148016169716	0.8515044539707257
2060-02-09	4.49	8.73	1.56	1.2388557109052811	0.8515044539707257
2060-02-10	0.39	7.82	1.39	1.330844945716081	0.8515044539707257
2060-02-11	0.61	8.75	1.24	1.3184260570050759	0.8515044539707257
2060-02-12	0.1	9.35	1.08	1.2673042410367483	0.8515044539707257
2060-02-13	1.36	8.62	1.01	1.0360200846641157	0.8515044539707257
2060-02-14	0.0	8.45	0.94	0.8822034647179944	0.8515044539707257
2060-02-15	4.98	8.05	0.87	0.8616743464646541	0.8515044539707257
2060-02-16	8.56	9.5	2.7	1.5261385080406866	0.8515044539707257
2060-02-17	20.68	9.75	2.37	4.912265518546978	0.8515044539707257
2060-02-18	5.24	4.36	8.9	7.341689978215699	0.8515044539707257
2060-02-19	0.02	6.54	4.72	3.3162832678690295	0.8515044539707257
2060-02-20	0.0	10.18	2.89	2.0056379729661638	0.8515044539707257
2060-02-21	5.28	10.32	2.13	1.7396615856193105	0.8515044539707257
2060-02-22	0.4	5.39	2.01	1.5627456020719506	0.8515044539707257
2060-02-23	0.4	4.72	1.65	1.352330018881134	0.8515044539707257
2060-02-24	13.08	5.06	2.82	1.120478885291276	0.8515044539707257
2060-02-25	10.85	7.48	4.04	3.3897088197326517	0.8515044539707257
2060-02-26	3.45	4.45	4.35	4.7392312133142065	0.8515044539707257
2060-02-27	1.0	3.21	3.24	2.7175435311539893	0.8515044539707257
2060-02-28	0.0	4.87	2.44	2.057062392368943	0.8515044539707257
2060-02-29	0.0	6.31	1.98	1.4046379212409434	0.8515044539707257
2060-03-01	0.0	7.6	1.61	1.096277015798158	0.8515044539707257
2060-03-02	11.05	4.62	1.45	1.0385354719231432	0.8515044539707257
2060-03-03	0.25	2.86	1.73	2.54786453388684	0.8515044539707257
2060-03-04	5.16	2.16	1.78	1.791007330382654	0.8515044539707257
2060-03-05	2.87	5.11	2.27	2.2144641868877364	0.8515044539707257
2060-03-06	0.02	3.38	2.05	1.9250433010087225	0.8515044539707257
2060-03-07	0.02	3.92	1.73	1.212797034581621	0.8515044539707257
2060-03-08	0.15	4.15	1.38	1.0790222298465368	0.8515044539707257
2060-03-09	0.0	5.05	1.24	1.017705436131673	0.8515044539707257
2060-03-10	0.0	5.69	1.09	0.9686233880500366	0.8515044539707257
2060-03-11	0.0	8.09	0.98	0.8183619830402742	0.8515044539707257
2060-03-12	0.0	6.54	0.94	0.7731837452694511	0.8515044539707257
2060-03-13	0.0	5.7	0.87	0.7128377698238987	0.8515044539707257
2060-03-14	4.38	7.07	0.85	0.7212437359857472	0.8515044539707257
2060-03-15	0.02	5.05	0.88	1.013920599425426	0.8515044539707257
2060-03-16	9.33	7.79	0.76	1.028022499422382	0.8515044539707257
2060-03-17	7.47	9.82	1.56	3.249325637312984	0.8515044539707257
2060-03-18	30.87	9.77	3.45	5.0897126356792715	0.8515044539707257
2060-03-19	2.3	3.84	9.47	9.761484571164619	0.8515044539707257
2060-03-20	3.8	2.83	5.37	4.088892438929976	0.8515044539707257
2060-03-21	0.0	3.45	4.05	2.3911637685630445	0.8515044539707257
2060-03-22	0.0	5.4	3.16	1.6391536970082512	0.8515044539707257
2060-03-23	0.0	9.71	2.32	1.3785266458444485	0.8515044539707257
2060-03-24	0.0	11.7	1.79	1.2954147355326042	0.8515044539707257
2060-03-25	2.66	11.34	1.49	1.0391765997323636	0.8515044539707257
2060-03-26	16.65	6.73	1.76	1.1392273243937419	0.8515044539707257
2060-03-27	4.37	1.85	2.26	3.2739862988164723	0.8515044539707257
2060-03-28	2.47	3.27	3.4	2.609313180170745	0.8515044539707257
2060-03-29	0.0	1.93	2.42	2.4092827188705757	0.8515044539707257
2060-03-30	7.43	3.26	1.9	1.528816613115564	0.8515044539707257
2060-03-31	12.4	6.03	6.33	3.870726775158915	0.8515044539707257
2060-04-01	0.0	11.77	4.86	4.001832811688809	0.8515044539707257
2060-04-02	0.0	11.94	3.0	2.169216116258334	0.8515044539707257
2060-04-03	0.0	16.11	2.17	1.5626610222309614	0.8515044539707257
2060-04-04	0.53	14.44	1.69	1.2942152577478536	0.8515044539707257
2060-04-05	0.0	14.68	1.38	0.9289966911611867	0.8515044539707257
2060-04-06	1.35	13.56	1.19	0.6587924072916611	0.8515044539707257
2060-04-07	0.0	9.03	1.09	0.5644841985643084	0.8515044539707257
2060-04-08	0.0	5.8	0.92	0.5536116729842144	0.8515044539707257
2060-04-09	0.21	6.3	0.86	0.5482239946433645	0.8515044539707257
2060-04-10	0.0	8.86	0.78	0.7361678819060291	0.8515044539707257
2060-04-11	5.44	9.85	0.77	0.6909373531131702	0.8515044539707257
2060-04-12	0.05	8.53	0.83	1.2535099284436115	0.8515044539707257
2060-04-13	0.88	6.05	0.66	1.0541981492288044	0.8515044539707257
2060-04-14	0.38	6.02	0.67	0.8686078098068515	0.8515044539707257
2060-04-15	6.5	6.63	0.82	0.9800923433771851	0.8515044539707257
2060-04-16	0.0	9.06	0.7	1.4375343433084324	0.8515044539707257
2060-04-17	0.0	12.34	0.64	1.02225566198077	0.8515044539707257
2060-04-18	5.92	11.58	0.6	0.9452033224267875	0.8515044539707257
2060-04-19	8.65	5.36	0.85	1.1392270205494983	0.8515044539707257
2060-04-20	0.0	11.45	1.13	1.58181412962333	0.8515044539707257
2060-04-21	0.0	15.13	0.73	1.43561915551368	0.8515044539707257
2060-04-22	0.0	14.49	0.62	0.9723789495822791	0.8515044539707257
2060-04-23	0.0	15.43	0.62	1.0468121296598372	0.8515044539707257
2060-04-24	29.04	12.46	0.88	1.51931380023699	0.8515044539707257
2060-04-25	4.67	9.5	6.87	5.4387673381799475	0.8515044539707257
2060-04-26	6.91	11.03	3.24	2.8653722342279195	0.8515044539707257
2060-04-27	0.0	13.08	3.04	2.1353069007338887	0.8515044539707257
2060-04-28	4.03	13.58	2.03	1.4192429614480206	0.8515044539707257
2060-04-29	0.13	13.78	1.54	1.2837146404844235	0.8515044539707257
2060-04-30	0.0	14.78	1.21	1.1637417640324192	0.8515044539707257
2060-05-01	0.0	14.52	1.04	0.9052326121448919	0.8515044539707257
2060-05-02	0.0	14.62	0.89	0.6341288000424916	0.8515044539707257
2060-05-03	0.0	15.07	0.79	0.5371947200952059	0.8515044539707257
2060-05-04	0.0	16.29	0.71	0.5318441119329114	0.8515044539707257
2060-05-05	0.0	17.96	0.67	0.4740854381139782	0.8515044539707257
2060-05-06	0.03	19.02	0.62	0.44467463610169267	0.8515044539707257
2060-05-07	10.71	18.63	0.61	0.45851932808593154	0.8515044539707257
2060-05-08	0.1	14.97	0.92	0.9405859426441949	0.8515044539707257
2060-05-09	0.0	12.86	0.64	0.5605001205544308	0.8515044539707257
2060-05-10	0.51	13.54	0.56	0.4076798440839319	0.8515044539707257
2060-05-11	17.35	13.16	0.55	0.6396580130702898	0.8515044539707257
2060-05-12	43.97	8.33	6.28	5.286660310494158	0.8515044539707257
2060-05-13	5.41	6.16	9.8	13.88668754978355	0.8515044539707257
2060-05-14	0.02	9.5	4.59	3.669542781466954	0.8515044539707257
2060-05-15	2.9	12.39	2.7	2.873316087271372	0.8515044539707257
2060-05-16	4.01	15.51	1.87	1.6441569179665947	0.8515044539707257
2060-05-17	9.31	12.09	1.86	1.8272374440000203	0.8515044539707257
2060-05-18	1.87	9.42	2.19	1.538293778907117	0.8515044539707257
2060-05-19	1.86	9.87	1.66	1.0186260363877797	0.8515044539707257
2060-05-20	0.01	10.67	1.35	0.6627507747755425	0.8515044539707257
2060-05-21	0.0	13.41	1.18	0.6880434242503239	0.8515044539707257
2060-05-22	0.0	16.18	0.99	0.7241528086749731	0.8515044539707257
2060-05-23	0.0	19.11	0.84	0.5348949977623235	0.8515044539707257
2060-05-24	0.0	21.44	0.72	0.5054512592736125	0.8515044539707257
2060-05-25	18.37	16.88	1.17	0.5990460436077354	0.8515044539707257
2060-05-26	0.03	16.88	1.35	3.005831912032208	0.8515044539707257
2060-05-27	0.0	18.48	0.8	1.0932404163724887	0.8515044539707257
2060-05-28	23.76	18.68	0.9	0.8580944411086735	0.8515044539707257
2060-05-29	46.12	16.31	2.64	8.735550206199672	0.8515044539707257
2060-05-30	59.3	14.02	25.47	17.851845000000004	0.8515044539707257
2060-05-31	20.39	12.69	41.18	31.47842	0.8515044539707257
2060-06-01	0.04	13.7	14.91	12.349394193817878	0.8515044539707257
2060-06-02	1.9	15.63	5.29	2.9160554276845865	0.8515044539707257
2060-06-03	5.36	15.55	3.29	1.7883916854807829	0.8515044539707257
2060-06-04	14.17	13.04	3.22	1.252711486236186	0.8515044539707257
2060-06-05	6.16	12.54	8.7	3.481557956636357	0.8515044539707257
2060-06-06	0.0	16.18	5.0	3.1699145815798535	0.8515044539707257
2060-06-07	19.43	16.21	3.96	1.3710424957207328	0.8515044539707257
2060-06-08	8.39	12.17	13.11	6.5247118893961655	0.8515044539707257
2060-06-09	22.08	14.35	5.66	4.302299197422731	0.8515044539707257
2060-06-10	7.64	12.37	15.46	6.648511745168837	0.8515044539707257
2060-06-11	10.49	13.03	6.38	3.9757327484911777	0.8515044539707257
2060-06-12	4.98	13.04	8.28	2.223231023195661	0.8515044539707257
2060-06-13	3.19	12.34	5.47	2.0266586417203802	0.8515044539707257
2060-06-14	0.48	14.92	3.83	1.6007204843530278	0.8515044539707257
2060-06-15	0.46	15.76	2.52	1.0640138305831806	0.8515044539707257
2060-06-16	0.12	18.42	1.86	0.6174634623718247	0.8515044539707257
2060-06-17	1.29	17.46	1.48	0.5349618755221323	0.8515044539707257
2060-06-18	0.0	20.18	1.26	0.519527260894393	0.8515044539707257
2060-06-19	6.35	22.29	1.07	0.43682879554535675	0.8515044539707257
2060-06-20	28.92	20.25	14.27	3.9985065901852956	0.8515044539707257
2060-06-21	0.99	17.57	5.79	4.135421772940635	0.8515044539707257
2060-06-22	2.34	13.2	3.03	1.8019424355656546	0.8515044539707257
2060-06-23	0.35	13.14	2.16	0.7762111074826172	0.8515044539707257
2060-06-24	0.0	16.67	1.6	0.7397908335890404	0.8515044539707257
2060-06-25	0.0	19.95	1.32	0.5171106634539546	0.8515044539707257
2060-06-26	0.0	22.47	1.12	0.40979572117823515	0.8515044539707257
2060-06-27	0.0	22.62	0.96	0.41907586490983356	0.8515044539707257
2060-06-28	0.0	21.13	0.84	0.4285517648215845	0.8515044539707257
2060-06-29	0.0	21.87	0.73	0.398416346681448	0.8515044539707257
2060-06-30	0.07	23.22	0.67	0.3931402544932522	0.8515044539707257
2060-07-01	14.86	22.92	0.65	0.5245493212108546	0.8515044539707257
2060-07-02	4.37	18.38	1.65	1.2415042736121067	0.8515044539707257
2060-07-03	0.0	20.28	0.86	0.8066864416172524	0.8515044539707257
2060-07-04	0.0	20.3	0.67	0.9455425865405438	0.8515044539707257
2060-07-05	0.0	20.68	0.59	0.5257014483220048	0.8515044539707257
2060-07-06	0.0	21.95	0.53	0.42571974143266883	0.8515044539707257
2060-07-07	0.0	23.76	0.49	0.41561608733504984	0.8515044539707257
2060-07-08	0.0	25.4	0.44	0.39389247032126085	0.8515044539707257
2060-07-09	0.0	26.01	0.43	0.40970652913965255	0.8515044539707257
2060-07-10	9.13	24.05	0.44	0.40222767677920546	0.8515044539707257
2060-07-11	0.0	23.22	0.8	0.754617154162695	0.8515044539707257
2060-07-12	0.03	25.37	0.45	0.5071948172541572	0.8515044539707257
2060-07-13	2.15	23.12	0.41	0.3943878868767247	0.8515044539707257
2060-07-14	7.53	21.75	0.7	0.4290183689759039	0.8515044539707257
2060-07-15	2.06	20.74	0.46	0.7429667053609041	0.8515044539707257
2060-07-16	1.35	20.95	0.41	0.6085141364135781	0.8515044539707257
2060-07-17	0.06	22.6	0.42	0.3938733683112544	0.8515044539707257
2060-07-18	0.0	24.41	0.32	0.41429025630517613	0.8515044539707257
2060-07-19	0.0	25.52	0.31	0.3987993533378441	0.8515044539707257
2060-07-20	0.0	27.85	0.3	0.39071698171130975	0.8515044539707257
2060-07-21	18.68	25.33	0.56	0.5724950454362461	0.8515044539707257
2060-07-22	0.0	19.21	0.75	1.6099631195815267	0.8515044539707257
2060-07-23	0.0	20.3	0.43	0.6240508848565723	0.8515044539707257
2060-07-24	0.0	23.22	0.35	0.4793461016752946	0.8515044539707257
2060-07-25	0.0	24.93	0.31	0.4910863333174504	0.8515044539707257
2060-07-26	0.89	24.39	0.3	0.3987993533378441	0.8515044539707257
2060-07-27	2.38	22.2	0.46	0.39071698171130975	0.8515044539707257
2060-07-28	0.0	22.84	0.39	0.38984278190140204	0.8515044539707257
2060-07-29	0.0	23.49	0.28	0.4050158665245623	0.8515044539707257
2060-07-30	0.0	23.74	0.28	0.37390024771410396	0.8515044539707257
2060-07-31	0.0	24.03	0.26	0.37390024771410396	0.8515044539707257
2060-08-01	0.0	23.91	0.24	0.37390024771410396	0.8515044539707257
2060-08-02	0.0	23.51	0.22	0.3828616290603847	0.8515044539707257
2060-08-03	0.0	22.64	0.22	0.37390024771410396	0.8515044539707257
2060-08-04	0.0	23.56	0.21	0.37390024771410396	0.8515044539707257
2060-08-05	1.6	24.0	0.2	0.37390024771410396	0.8515044539707257
2060-08-06	13.38	21.24	0.29	0.4466694249069362	0.8515044539707257
2060-08-07	0.36	20.79	0.69	1.0301804816855324	0.8515044539707257
2060-08-08	2.55	18.25	0.32	0.5726784995482879	0.8515044539707257
2060-08-09	0.0	19.68	0.24	0.48667496960751266	0.8515044539707257
2060-08-10	1.33	22.66	0.23	0.537301660939187	0.8515044539707257
2060-08-11	0.52	22.98	0.2	0.3987993533378441	0.8515044539707257
2060-08-12	9.95	21.39	0.22	0.40414185894960114	0.8515044539707257
2060-08-13	18.95	20.04	0.71	1.082399030614393	0.8515044539707257
2060-08-14	0.0	20.6	0.6	2.0594666268965804	0.8515044539707257
2060-08-15	0.04	19.42	0.27	0.6924921506533201	0.8515044539707257
2060-08-16	0.0	19.48	0.23	0.5113909827813188	0.8515044539707257
2060-08-17	0.0	19.71	0.23	0.5186024449620399	0.8515044539707257
2060-08-18	2.44	21.01	0.2	0.41561608733504984	0.8515044539707257
2060-08-19	1.07	20.79	0.44	0.4066595158986077	0.8515044539707257
2060-08-20	0.21	21.47	0.26	0.39918038235658776	0.8515044539707257
2060-08-21	0.0	22.48	0.22	0.3986756878787764	0.8515044539707257
2060-08-22	11.77	23.23	0.21	0.39518047760332053	0.8515044539707257
2060-08-23	2.54	19.92	0.63	0.947406295744434	0.8515044539707257
2060-08-24	2.51	20.17	0.38	0.5071948172541572	0.8515044539707257
2060-08-25	0.34	20.22	0.27	0.4371073654015557	0.8515044539707257
2060-08-26	26.17	18.75	0.21	1.0662442026626733	0.8515044539707257
2060-08-27	10.48	13.31	1.93	2.838461727946261	0.8515044539707257
2060-08-28	10.03	12.69	1.58	1.5853879179635553	0.8515044539707257
2060-08-29	1.96	12.25	1.17	1.4484774134082816	0.8515044539707257
2060-08-30	0.67	11.9	0.66	0.8280349456284626	0.8515044539707257
2060-08-31	0.02	13.16	0.48	0.6182323173301262	0.8515044539707257
2060-09-01	0.0	16.0	0.39	0.6476987033903081	0.8515044539707257
2060-09-02	6.09	15.06	0.48	0.6177739504499136	0.8515044539707257
2060-09-03	1.51	12.52	0.61	0.9361020218066141	0.8515044539707257
2060-09-04	0.13	13.15	0.37	0.7049884005205639	0.8515044539707257
2060-09-05	0.02	15.99	0.28	0.42146417754233684	0.8515044539707257
2060-09-06	2.03	15.96	0.27	0.4182921884224647	0.8515044539707257
2060-09-07	1.15	16.36	0.28	0.48877345712832376	0.8515044539707257
2060-09-08	0.17	16.08	0.25	0.42615533528243504	0.8515044539707257
2060-09-09	0.0	14.74	0.24	0.38451596868790355	0.8515044539707257
2060-09-10	0.22	17.27	0.22	0.39428875226516336	0.8515044539707257
2060-09-11	5.01	18.55	0.24	0.3899961084464124	0.8515044539707257
2060-09-12	11.2	15.42	0.52	0.7501084018230292	0.8515044539707257
2060-09-13	3.89	14.2	0.78	1.1914810298468015	0.8515044539707257
2060-09-14	0.2	13.83	0.53	0.8415592141652549	0.8515044539707257
2060-09-15	3.52	15.29	0.37	0.635466795387414	0.8515044539707257
2060-09-16	0.0	16.0	0.45	0.6104183998150858	0.8515044539707257
2060-09-17	0.0	15.35	0.36	0.7698729263296867	0.8515044539707257
2060-09-18	2.25	15.46	0.3	0.47704573359647784	0.8515044539707257
2060-09-19	8.01	14.8	0.32	0.4421239092408097	0.8515044539707257
2060-09-20	7.58	13.48	0.9	0.8972674086777358	0.8515044539707257
2060-09-21	0.0	12.74	0.79	1.0557132279082364	0.8515044539707257
2060-09-22	0.0	13.21	0.49	0.6716804706164758	0.8515044539707257
2060-09-23	3.28	13.33	0.39	0.4671987137417052	0.8515044539707257
2060-09-24	1.41	12.48	0.57	0.6013255722655997	0.8515044539707257
2060-09-25	0.0	13.05	0.39	0.673364399645079	0.8515044539707257
2060-09-26	15.26	14.54	0.5	0.5627829369131758	0.8515044539707257
2060-09-27	0.79	11.82	1.33	2.3650469564923506	0.8515044539707257
2060-09-28	0.02	9.73	0.77	1.1421538480157571	0.8515044539707257
2060-09-29	0.0	8.78	0.52	0.6718226400405009	0.8515044539707257
2060-09-30	0.8	12.12	0.45	0.7644496716863436	0.8515044539707257
2060-10-01	0.0	15.95	0.4	0.6283827313802234	0.8515044539707257
2060-10-02	0.19	15.65	0.37	0.6041964690713171	0.8515044539707257
2060-10-03	0.02	17.88	0.34	0.4814039255652219	0.8515044539707257
2060-10-04	0.0	17.91	0.32	0.5010945005396312	0.8515044539707257
2060-10-05	0.0	17.18	0.3	0.42733464282885353	0.8515044539707257
2060-10-06	0.04	15.81	0.28	0.3946262508789551	0.8515044539707257
2060-10-07	0.09	15.95	0.27	0.40324490827393145	0.8515044539707257
2060-10-08	0.21	14.96	0.28	0.3877949972972762	0.8515044539707257
2060-10-09	0.2	15.88	0.28	0.391213049054406	0.8515044539707257
2060-10-10	0.28	15.48	0.27	0.391213049054406	0.8515044539707257
2060-10-11	0.22	15.13	0.26	0.391213049054406	0.8515044539707257
2060-10-12	0.05	16.16	0.25	0.3983084669382187	0.8515044539707257
2060-10-13	0.0	15.26	0.24	0.391213049054406	0.8515044539707257
2060-10-14	0.07	15.08	0.23	0.4027336582508467	0.8515044539707257
2060-10-15	0.02	14.58	0.23	0.40054749893556335	0.8515044539707257
2060-10-16	0.04	14.36	0.24	0.391213049054406	0.8515044539707257
2060-10-17	0.03	14.05	0.22	0.41361265541552295	0.8515044539707257
2060-10-18	0.0	15.86	0.23	0.4267217203179519	0.8515044539707257
2060-10-19	0.0	13.13	0.23	0.39904602176863924	0.8515044539707257
2060-10-20	0.0	10.89	0.22	0.38016951535225463	0.8515044539707257
2060-10-21	0.0	9.74	0.21	0.37390024771410396	0.8515044539707257
2060-10-22	0.02	10.38	0.22	0.40040792197445524	0.8515044539707257
2060-10-23	0.07	10.51	0.22	0.4145050210639888	0.8515044539707257
2060-10-24	0.17	11.37	0.22	0.44224667205294405	0.8515044539707257
2060-10-25	0.02	11.74	0.22	0.4745099471382169	0.8515044539707257
2060-10-26	0.69	12.88	0.21	0.48119013296836083	0.8515044539707257
2060-10-27	3.23	15.12	0.21	0.4770058649558888	0.8515044539707257
2060-10-28	1.91	14.62	0.31	0.5842649462521653	0.8515044539707257
2060-10-29	4.42	15.13	0.27	0.626464518751349	0.8515044539707257
2060-10-30	0.0	14.33	0.28	0.6362810054938682	0.8515044539707257
2060-10-31	10.99	12.61	0.29	0.8610255109939999	0.8515044539707257
2060-11-01	0.7	7.96	0.76	1.6435223239340808	0.8515044539707257
2060-11-02	6.85	7.96	0.41	1.023874724680622	0.8515044539707257
2060-11-03	1.0	2.13	0.57	1.8252945899726796	0.8515044539707257
2060-11-04	0.0	1.6	0.34	1.1949140071095283	0.8515044539707257
2060-11-05	0.0	1.54	0.3	0.917677149522957	0.8515044539707257
2060-11-06	0.0	4.1	0.27	0.9025489449426936	0.8515044539707257
2060-11-07	0.0	6.44	0.28	0.8461083539175434	0.8515044539707257
2060-11-08	0.0	5.68	0.26	0.7157448668722693	0.8515044539707257
2060-11-09	0.0	6.49	0.26	0.6602157019548132	0.8515044539707257
2060-11-10	0.0	9.7	0.26	0.6604498236424894	0.8515044539707257
2060-11-11	0.0	7.69	0.24	0.5611784354762452	0.8515044539707257
2060-11-12	2.06	8.58	0.24	0.5672788229352682	0.8515044539707257
2060-11-13	0.25	10.63	0.28	0.5111654631047308	0.8515044539707257
2060-11-14	3.09	9.48	0.24	0.5487240110306055	0.8515044539707257
2060-11-15	45.11	11.67	2.62	1.7986257272541208	0.8515044539707257
2060-11-16	15.62	9.3	10.05	11.535186857142858	0.8515044539707257
2060-11-17	4.46	1.91	4.95	4.528561321499401	0.8515044539707257
2060-11-18	3.09	1.35	2.63	3.1431154908613594	0.8515044539707257
2060-11-19	0.65	3.47	2.46	2.477009980974476	0.8515044539707257
2060-11-20	0.0	-0.08	2.15	1.6331196013863365	0.8515044539707257
2060-11-21	0.0	1.81	1.43	1.3880208356151709	0.8515044539707257
2060-11-22	0.0	4.65	1.12	1.2582451755803028	0.8515044539707257
2060-11-23	0.02	5.52	0.97	1.0610813724001575	0.8515044539707257
2060-11-24	0.07	4.17	0.83	1.1784841265333943	0.8515044539707257
2060-11-25	0.02	3.67	0.73	0.8787993162351461	0.8515044539707257
2060-11-26	1.37	3.13	0.64	0.810134662037779	0.8515044539707257
2060-11-27	8.72	6.01	0.94	0.7452816674423628	0.8515044539707257
2060-11-28	0.0	7.18	1.44	1.8686486942113127	0.8515044539707257
2060-11-29	0.0	5.87	1.12	1.353110356047359	0.8515044539707257
2060-11-30	0.0	4.16	0.91	0.9843057151847914	0.8515044539707257
2060-12-01	0.02	4.31	0.78	1.0501818194661892	0.8515044539707257
2060-12-02	1.1	4.67	0.69	1.0310361262424985	0.8515044539707257
2060-12-03	0.0	2.68	0.66	0.8344630516572238	0.8515044539707257
2060-12-04	0.0	1.22	0.58	0.7556885309669117	0.8515044539707257
2060-12-05	0.0	0.55	0.51	0.665118147145433	0.8515044539707257
2060-12-06	0.0	-0.34	0.47	0.7249616510557941	0.8515044539707257
2060-12-07	0.0	0.24	0.43	0.798693489869861	0.8515044539707257
2060-12-08	0.0	0.38	0.4	0.7402307801684171	0.8515044539707257
2060-12-09	0.0	0.11	0.37	0.6982620991359972	0.8515044539707257
2060-12-10	0.67	1.03	0.38	0.6398046466057921	0.8515044539707257
2060-12-11	0.88	2.08	0.41	0.6621943054271211	0.8515044539707257
2060-12-12	0.36	0.57	0.38	0.6579994723562483	0.8515044539707257
2060-12-13	2.24	-1.07	0.36	0.6712175735354902	0.8515044539707257
2060-12-14	0.0	-1.45	0.35	0.6945476110542913	0.8515044539707257
2060-12-15	0.0	0.68	0.34	0.7456333408556438	0.8515044539707257
2060-12-16	4.08	1.26	0.34	0.7686613105676192	0.8515044539707257
2060-12-17	8.4	4.27	1.41	1.262882744658556	0.8515044539707257
2060-12-18	0.0	3.83	1.9	2.7056956533711185	0.8515044539707257
2060-12-19	21.98	6.06	1.57	1.9799087424118476	0.8515044539707257
2060-12-20	7.8	6.18	7.17	7.307788517927577	0.8515044539707257
2060-12-21	5.66	7.66	4.46	4.51957044487478	0.8515044539707257
2060-12-22	2.08	11.7	3.4	3.4957453933447864	0.8515044539707257
2060-12-23	46.21	10.63	3.62	3.9457879021656437	0.8515044539707257
2060-12-24	32.98	7.42	33.0	24.374686071428577	0.8515044539707257
2060-12-25	16.8	1.85	14.49	15.93227101190476	0.8515044539707257
2060-12-26	0.45	-0.42	6.53	5.757020970725688	0.8515044539707257
2060-12-27	0.0	-3.53	4.19	3.362778596089388	0.8515044539707257
2060-12-28	0.56	-3.84	3.08	2.05593875969387	0.8515044539707257
2060-12-29	0.91	-1.36	2.52	1.5246146600016957	0.8515044539707257
2060-12-30	1.18	0.83	2.18	1.2212714855023996	0.8515044539707257
2060-12-31	0.31	3.16	2.1	1.2047708952827905	0.8515044539707257
